tree
version=v4
num_class=1
num_tree_per_iteration=1
label_index=0
max_feature_idx=43
objective=binary sigmoid:1
feature_names=f_atr_rel f_bars_left f_bb_pos f_body f_close f_dist_hi_12 f_dist_hi_24 f_dist_hi_75 f_dist_lo_12 f_dist_lo_24 f_dist_lo_75 f_dow f_dte f_ema_rel_12 f_ema_rel_48 f_hl_range f_hma_rel f_hma_slope f_idx_ret_24 f_idx_ret_6 f_idx_rsi f_idx_vol_24 f_is_ce f_log_close f_lower_wick f_minute_of_day f_moneyness f_oi_chg_24 f_oi_chg_6 f_req_move f_ret_1 f_ret_12 f_ret_24 f_ret_3 f_ret_48 f_ret_6 f_rsi f_tsi f_upper_wick f_vol_12 f_vol_24 f_vol_48 f_vol_6 f_vol_rel
feature_infos=[0:0.21561338289962834] [-1:75] [-2.124264578624794:2.12426457862479] [-0.43550051599587219:0.43663399797228791] [23.350000000000001:2224.0500000000002] [0:2.1185714285714288] [0:2.2606422703510085] [0:4.2332155477031801] [0:0.88984931666861355] [0:0.87933461292386439] [0:0.83257328990228008] [0:4] [9:27] [-1.7897365112231174:0.69588584673330434] [-1.9911303462211609:0.78884276874591652] [0:0.45211810012836978] [-2.0456939837473453:0.73645816747211701] [-0.58227566872903003:0.21604857398558891] [-0.013819199861859532:0.0070170203579007495] [-0.012222220117154237:0.005888151766956895] [10.168630590370896:78.226078189026865] [0.00025139273102152562:0.0019942369885992558] [0:1] [3.1505969841149062:7.7070851371321449] [0:0.30348837209302326] [555:935] [-0.014041221142627449:0.016552704294413731] [-1:84] [-1:53.75] [0.050172930804247833:0.59998736122973184] [-0.67934035730645903:4.6309650053022269] [-0.67934035730645903:8.0784729586426298] [-0.69399908382959241:7.2258748674443272] [-0.67934035730645903:5.624602332979852] [-0.80554283096655976:5.7985153764581128] [-0.67934035730645903:8.0784729586426298] [0:99.999999999999488] [-99.999999999998565:99.999999999999503] [0:0.39623397435897439] [0:1.3280519662622157] [0:0.94692365182684179] [0:0.67139510980430761] [0:1.8905835466126086] [0:47.999999997046153]
tree_sizes=2565 3032 3256 3266 3260

Tree=0
num_leaves=23
num_cat=0
split_feature=4 12 12 6 27 12 6 10 1 4 26 10 34 12 34 6 37 4 39 1 4 0
split_gain=1191.13 929.31 939.335 176.257 130.717 69.4523 95.1836 60.5042 58.3074 52.9193 50.4595 42.7243 35.0191 17.6777 17.0051 15.4744 11.7737 7.55464 5.12222 1.73626 0.561288 2.27374e-13
threshold=630.42500000000007 9.5000000000000018 15.500000000000002 0.45221289621803112 0.83786207404859603 9.5000000000000018 0.38858047690014902 0.66246137419922135 34.500000000000007 730.25000000000011 0.0089042229351534354 0.24788235253249241 -0.180059446212925 15.500000000000002 -0.19225677237423575 0.28678537550624905 49.163920936249077 969.17500000000007 0.044283822824414405 61.500000000000007 1155.5500000000002 0.019477692718425785
decision_type=2 2 2 10 8 2 8 10 2 2 2 10 10 2 10 8 8 2 10 2 2 2
left_child=1 3 7 10 12 6 11 19 -6 -7 15 14 -4 20 -2 18 -15 -18 -1 21 -11 -3
right_child=5 2 4 -5 8 9 -8 -9 -10 13 -12 -13 -14 16 -16 -17 17 -19 -20 -21 -22 -23
leaf_value=-0.40195999782057801 -0.36399368985112218 -0.19694193478551644 -0.32772931982512471 -0.27488268602198612 -0.24518147902906035 -0.33855234945921875 -0.28974846537751964 -0.25712136622366882 -0.31678705251557082 -0.40144096474960317 -0.32807961474488018 -0.39144625099826719 -0.37884223403620909 -0.36374504400547836 -0.32963767497078633 -0.36378422056577348 -0.37473768239683541 -0.40022255660841649 -0.38180864974448225 -0.20689426794255825 -0.39489040944005865 -0.19694193478551644
leaf_weight=70.481596678495407 65.847858488559723 110.72195464372635 56.580382108688354 59.019191682338715 49.751715302467346 70.969358593225479 59.263072639703751 49.020072430372238 66.335620403289795 96.332978159189224 54.141572535037994 76.090858697891235 82.187882632017136 96.820740073919296 79.50519210100174 70.725477635860443 58.775310724973679 57.555905938148499 57.068144023418427 50.239477217197418 49.50783434510231 232.41855236887932
leaf_count=289 270 454 232 242 204 291 243 201 272 395 222 312 337 397 326 290 241 236 234 206 203 953
internal_value=-0.315794 -0.280863 -0.248788 -0.352672 -0.32525 -0.365375 -0.34603 -0.20474 -0.286099 -0.378004 -0.370861 -0.361092 -0.358002 -0.385804 -0.345202 -0.382543 -0.376626 -0.387347 -0.392944 -0.198213 -0.399217 -0.196942
internal_weight=1719.36 1008.69 697.256 311.436 254.856 710.669 280.707 442.4 116.087 429.962 252.417 221.444 138.768 358.993 145.353 198.275 213.152 116.331 127.55 393.38 145.841 343.141
internal_count=7050 4136 2859 1277 1045 2914 1151 1814 476 1763 1035 908 569 1472 596 813 874 477 523 1613 598 1407
is_linear=0
shrinkage=1


Tree=1
num_leaves=27
num_cat=0
split_feature=4 12 12 29 29 6 12 10 14 29 12 10 10 0 29 29 6 35 11 10 29 13 19 26 1 0
split_gain=1062.49 889.757 833.704 292.72 219.44 144.319 133.29 119.042 55.6087 48.4581 40.495 38.171 34.7025 24.7797 20.9762 6.9744 3.67218 0.972053 0.721175 0.284503 0.15073 0.105509 0.234801 0.0127524 0.00146841 2.27374e-13
threshold=658.27500000000009 9.5000000000000018 15.500000000000002 0.20843906145588995 0.22832765714639117 0.2450397946843095 9.5000000000000018 0.61655948640952485 -0.018582735406838951 0.32335148683634279 9.5000000000000018 0.19531308536942557 0.66246137419922135 0.0084522240272060668 0.32127490709341294 0.33363984535720342 0.1644383402493636 -0.11362607152332425 1.0000000180025095e-35 0.2658529091800062 0.45992513029457988 5.4582762620026567e-06 0.00020944414879442433 0.014466754832797286 53.500000000000007 0.019094626908411041
decision_type=2 2 2 2 2 10 2 8 2 2 2 8 10 2 2 2 10 10 2 8 2 2 8 2 2 2
left_child=1 4 12 6 5 -1 -2 14 -9 10 -5 -6 17 -8 -4 -13 18 -3 -11 -19 -17 -20 -23 24 25 -21
right_child=3 2 7 9 11 -7 13 8 -10 16 -12 15 -14 -15 -16 20 -18 19 21 23 -22 22 -24 -25 -26 -27
leaf_value=-0.032011219984434354 0.055657514883729158 0.10304289183794389 -0.025909608456707579 -0.013971763276119865 -0.026483230873581322 0.08444096241365541 -0.010126961521119479 -0.01582286629908981 0.043918779008328496 -0.077994809464954226 -0.068004589361683951 -0.06097088907407288 0.065165658026394666 -0.055860177715252604 -0.070860137065903467 -0.081279411228171061 -0.067567597104245702 0.10700116624288165 -0.085158942099863633 0.11088366997217854 -0.084840171056955016 -0.080202593032588615 -0.084645535484593401 0.11180940611263049 0.11118799445977441 0.11088366997217854
leaf_weight=57.223072364926338 74.024612277746201 49.748623088002205 50.831200361251831 59.44955787062645 49.225320771336555 49.723724320530891 70.012035831809044 65.433834388852119 96.245441168546677 68.821592569351196 83.211176306009293 50.740408316254616 49.41971643269062 51.33819591999054 53.029641777276993 57.783280521631241 48.446696534752846 49.502694308757782 91.604328840970993 79.972038611769676 61.195724412798882 48.50310455262661 76.859532356262207 51.404207617044449 49.493509531021118 119.091487839818
leaf_count=237 305 201 210 245 202 204 290 268 394 286 345 210 201 213 219 239 200 200 378 323 253 201 318 208 200 481
internal_value=0.000222515 0.0318876 0.0631275 -0.0487662 -0.036573 0.0221319 0.00278058 -0.00709148 0.0197405 -0.0698839 -0.045488 -0.0652483 0.104689 -0.0294748 -0.0488606 -0.0764917 -0.0802967 0.109582 -0.0824545 0.110513 -0.0831109 -0.0838691 -0.0829266 0.111093 0.110944 0.110884
internal_weight=1712.33 1040.06 714.172 672.271 325.892 106.947 195.375 265.54 161.679 476.896 142.661 218.945 448.632 121.35 103.861 169.719 334.235 399.213 285.789 349.464 118.979 216.967 125.363 299.961 248.557 199.064
internal_count=7031 4250 2905 2781 1345 441 808 1091 662 1973 590 904 1814 503 429 702 1383 1613 1183 1412 492 897 519 1212 1004 804
is_linear=0
shrinkage=0.05


Tree=2
num_leaves=29
num_cat=0
split_feature=4 12 12 29 29 7 6 12 29 32 0 29 0 4 6 29 42 4 37 10 29 19 10 12 7 0 31 10
split_gain=997.977 788.781 748.219 267.222 182.938 147.275 137.253 126.108 55.719 38.6553 36.7428 31.6615 31.0316 29.8695 9.23511 5.50609 1.91064 1.38656 0.682938 0.184823 0.0882329 0.178786 0.0616489 0.0262789 0.0035391 0.00076117 0.000221169 5.90839e-05
threshold=658.27500000000009 9.5000000000000018 15.500000000000002 0.23040961894085299 0.22832765714639117 0.4619040804977122 0.23505475315126059 9.5000000000000018 0.22021872840086865 -0.28860119622915326 0.0058711776264054666 0.30454563754145669 0.060239092826228392 856.5250000000002 0.18003098965669909 0.37496454103271171 0.071217246794916436 775.42500000000007 -31.201597569010957 0.63979967287446138 0.41299503983552299 0.00020944414879442433 0.41472796045041332 9.5000000000000018 0.080306737772622691 0.005708851645215428 -0.059882418663776131 0.61216227381640931
decision_type=2 2 2 2 2 8 10 2 2 10 2 2 2 2 10 2 8 2 10 10 2 8 8 2 8 2 10 8
left_child=1 4 12 7 6 -4 -1 -2 -7 -6 -10 -5 16 -9 17 -11 18 -13 -3 24 21 -19 -17 -22 -20 -25 -26 -28
right_child=3 2 5 11 9 8 -8 13 10 15 -12 14 -14 -15 -16 22 -18 20 19 -21 23 -23 -24 25 26 -27 27 -29
leaf_value=-0.037339094534577462 0.044485537674958373 0.098918434804587396 -0.065936522309735346 -0.043406613773940637 -0.023219014468204693 0.056065161395008181 0.077443680456062244 -0.0059589181358447995 0.02385732688324756 -0.06290859057782848 -0.030200056421847851 -0.072305279760801783 0.0613125790888863 -0.053391271184675175 -0.055889130736684334 -0.082947117488289646 0.094620600914766595 -0.07766007313155826 0.10502302885869208 0.10796470819898876 -0.082626175555795947 -0.081933976405064057 -0.080406102079431496 -0.081412644793648001 0.10463819194701938 -0.081141383433670833 0.10456117854620553 0.10449403093752713
leaf_weight=53.267623841762543 86.551051273941994 50.384111553430557 76.795126557350159 91.555023267865181 48.792115598917007 59.924528986215591 50.959705725312233 58.61755633354187 64.430664494633675 66.122907117009163 61.379892438650131 55.51243032515049 50.517395287752151 76.516487121582031 47.884114637970924 47.846375495195389 59.826372116804123 47.989889875054359 49.873147949576378 50.687425822019577 55.411728546023369 49.926015391945839 47.633752450346947 51.654241770505905 52.895662754774094 51.790086507797241 51.401930600404739 90.332581117749214
leaf_count=222 354 202 321 382 202 245 207 244 263 277 252 233 203 320 200 200 240 202 200 204 232 210 201 218 212 219 206 362
internal_value=-0.00023748 0.0306337 0.0595459 -0.0475968 -0.0353879 -0.0076961 0.0187815 -0.0026359 0.0163843 -0.0622228 -0.00251595 -0.0696615 0.0982656 -0.0328164 -0.0763356 -0.073999 0.10287 -0.0794707 0.104299 0.105217 -0.0810198 -0.0798393 -0.0816794 -0.0817475 0.104647 -0.0812768 0.104551 0.104518
internal_weight=1706.48 1033.07 718.449 673.409 314.622 262.53 104.227 221.685 185.735 210.395 125.811 451.724 455.919 135.134 360.169 161.603 405.401 312.284 345.575 295.191 256.772 97.9159 95.4801 158.856 244.503 103.444 194.63 141.735
internal_count=7033 4219 2910 2814 1309 1081 429 918 760 880 515 1896 1829 564 1514 678 1626 1314 1386 1184 1081 412 401 669 980 437 780 568
is_linear=0
shrinkage=0.05


Tree=3
num_leaves=29
num_cat=0
split_feature=4 12 12 29 29 7 12 9 20 6 4 6 10 29 14 4 29 6 1 18 40 43 26 0 37 39 10 27
split_gain=907.218 657.659 681.461 265.619 191.847 128.853 118.142 125.254 47.2185 42.1552 41.92 37.7733 33.2698 26.2787 12.903 5.11067 3.76718 3.13665 1.00689 0.0645146 0.0345473 0.0553787 0.0133032 0.0130125 0.00293096 0.000747633 0.000106239 3.2914e-05
threshold=630.42500000000007 9.5000000000000018 15.500000000000002 0.25074081718982805 0.22021872840086865 0.42593083290919914 9.5000000000000018 0.12666937525113395 45.432376331762718 0.21000282645562457 856.5250000000002 0.40480265726627535 0.65950209128957293 0.33113709963093324 -1.0000000180025095e-35 713.35000000000014 0.35193881862776083 0.12922570705666109 61.500000000000007 -0.00048911205971458027 0.028195192961819635 0.79303637424382767 0.0061229569863315101 0.047783673496154026 -31.201597569010957 0.043240360835783975 0.61049033012531484 0.29645323289391096
decision_type=2 2 2 2 2 8 2 10 10 8 2 10 10 2 2 2 2 10 2 8 8 8 2 2 10 8 10 8
left_child=1 4 12 6 -1 -4 7 -2 -7 -10 -8 16 18 14 -5 -15 -6 20 23 -18 21 -17 -22 24 -3 26 27 -26
right_child=3 2 5 13 11 8 10 -9 9 -11 -12 -13 -14 15 -16 17 19 -19 -20 -21 22 -23 -24 -25 25 -27 -28 -29
leaf_value=0.026368241072741223 0.08456916605353422 0.099522587793934539 -0.065547678601539164 -0.025937116535836992 -0.062077927867349364 0.047076075211494955 -0.0019434213952606036 -0.02337606931054825 -0.037232644034381999 0.024175478775275004 -0.053522094870728634 -0.021824370524809983 0.055152076511825236 -0.059008305519527571 -0.062663221685691745 -0.079297035566840063 -0.07733721672189546 -0.065007332442134885 0.091882354455380261 -0.079923432871782232 -0.080107904584068634 -0.077058793897933339 -0.079072027251255839 0.10007144119005391 0.099134809227133788 0.099295788116047806 0.099019686279722796 0.099084006028769711
leaf_weight=94.067104861140251 59.541157588362694 56.998461976647377 72.365304455161095 47.43365566432476 53.282862767577171 66.127816751599312 68.445938497781754 48.980616465210915 55.347084805369377 56.452884092926979 92.807337373495102 48.115146696567535 50.122606948018074 48.08282758295536 48.23560343682766 59.854400604963303 47.777743756771088 48.646746233105659 52.244875639677048 48.686661660671234 49.472161859273911 51.339897885918617 82.982377409934998 49.99416908621788 49.996136963367462 50.246883288025856 53.994680359959602 87.992461428046227
leaf_count=387 242 228 307 200 226 269 285 201 227 231 393 200 201 203 204 257 205 207 209 208 211 221 357 200 200 201 216 352
internal_value=-0.000134314 0.030651 0.0568826 -0.0434806 -0.0324174 -0.00929423 -0.00448481 0.0358488 0.0135847 -0.00622489 -0.0316289 -0.0603651 0.0935609 -0.0676067 -0.0444541 -0.0741141 -0.0727485 -0.076599 0.0983562 -0.0786425 -0.0789134 -0.0782636 -0.0794589 0.0993247 0.0992 0.0991241 0.0990791 0.0991024
internal_weight=1699.64 993.813 701.883 705.823 291.93 250.293 269.775 108.522 177.928 111.8 161.253 197.862 451.59 436.048 95.6693 340.378 149.747 292.296 401.468 96.4644 243.649 111.194 132.455 349.223 299.229 242.23 191.983 137.989
internal_count=7048 4067 2841 2981 1226 1034 1121 443 727 458 678 839 1807 1860 404 1456 639 1253 1606 413 1046 478 568 1397 1197 969 768 552
is_linear=0
shrinkage=0.05


Tree=4
num_leaves=29
num_cat=0
split_feature=4 12 12 7 7 12 36 0 6 9 10 18 4 26 42 17 18 11 26 39 21 26 2 0 0 39 36 14
split_gain=866.841 624.858 561.298 140.614 120.374 69.2046 88.8928 37.5599 44.4234 36.737 36.5217 30.7604 21.0443 32 24.5093 17.4164 11.1675 6.90505 17.0999 1.84687 1.10996 0.675964 1.60304 0.0298106 0.0169741 0.00335314 0.00227971 0.000455289
threshold=658.27500000000009 9.5000000000000018 15.500000000000002 0.58207509063106599 0.42181861577805574 9.5000000000000018 38.085329057381784 0.001889881316869578 0.20543070082885576 0.15588312236923493 0.65950209128957293 0.0032737291817166452 856.5250000000002 0.0102948559095644 0.0085964469701826501 0.020781800249873583 -0.00034902423404709054 1.0000000180025095e-35 0.0102948559095644 0.052524541948362098 0.00074252169889710534 0.013076121858386325 -0.18648992392855065 0.047783673496154026 0.035036493447636818 0.050364834338202567 22.137775270538587 -0.012460604181856542
decision_type=2 2 2 10 8 2 8 2 8 10 10 8 2 2 8 8 8 2 2 8 8 2 10 2 2 8 10 2
left_child=1 3 10 11 -4 6 -2 -6 -9 16 21 15 13 -7 -15 -1 -8 26 -19 -17 -20 23 -23 24 25 27 -14 -3
right_child=5 2 4 -5 7 12 9 8 -10 -11 -12 -13 17 14 -16 19 -18 18 20 -21 -22 22 -24 -25 -26 -27 -28 -29
leaf_value=-0.041241854935815059 0.031710629898759342 0.09463864153390647 -0.061816874271580162 0.030298663649149328 0.051475639171492775 -0.074209048458253504 -0.004758735334800035 -0.028490476667320314 0.02961010964999294 -0.064481393037270393 0.04855351119544847 -0.013740711359128507 -0.077925380002116212 -0.00040533504280860128 -0.050382128979014507 -0.078838259377524172 -0.036267152492883821 -0.0353953052151285 -0.066233833060250533 -0.065404768438457966 -0.076727788699950991 0.08343846405323066 0.09559116817124047 0.09575483563070343 0.093614253334661487 0.094991336740819138 -0.077438813026380948 0.094448993842423723
leaf_weight=87.106116369366646 54.67156608402729 49.83932389318943 67.697916477918625 74.086794599890709 53.386643573641777 54.908430531620979 53.437046691775322 63.178690537810326 68.646600425243378 87.725364208221436 51.210715860128403 50.350391998887062 46.176451295614243 46.876694992184639 51.465713679790497 47.629046723246574 59.360666960477829 46.577273458242416 46.046831220388412 55.283388406038284 55.653312742710114 49.851524353027344 59.550775766372681 51.639394164085388 50.334992080926895 51.604275196790695 50.292150616645813 86.699440598487854
leaf_count=372 227 200 292 306 216 234 224 260 280 374 205 211 201 200 221 206 251 202 200 237 243 200 239 207 202 207 220 348
internal_value=-0.000173552 0.0286694 0.0548555 -0.0299258 -0.00476106 -0.0451296 -0.0248051 0.0160937 0.00176478 -0.0402138 0.0883071 -0.0484882 -0.0581617 -0.0436321 -0.0265598 -0.0576955 -0.0213403 -0.0672596 -0.0604855 -0.0716219 -0.0719764 0.0934027 0.0900535 0.0946656 0.0944298 0.094648 -0.0776717 0.0945182
internal_weight=1671.29 1018.1 703.64 314.456 252.91 653.192 255.195 185.212 131.825 200.523 450.73 240.369 397.997 153.251 98.3424 190.019 112.798 244.746 148.277 102.912 101.7 399.52 109.402 290.117 238.478 188.143 96.4686 136.539
internal_count=6985 4188 2856 1332 1048 2797 1076 756 540 849 1808 1026 1721 655 421 815 475 1066 645 443 443 1603 439 1164 957 755 421 548
is_linear=0
shrinkage=0.05


end of trees

feature_importances:
f_dte=18
f_req_move=16
f_close=13
f_dist_lo_75=12
f_dist_hi_24=11
f_atr_rel=10
f_moneyness=6
f_dist_hi_75=5
f_bars_left=4
f_vol_12=4
f_ema_rel_48=3
f_idx_ret_24=3
f_tsi=3
f_dist_lo_24=2
f_dow=2
f_idx_ret_6=2
f_oi_chg_24=2
f_ret_48=2
f_rsi=2
f_vol_6=2
f_bb_pos=1
f_ema_rel_12=1
f_hma_slope=1
f_idx_rsi=1
f_idx_vol_24=1
f_ret_12=1
f_ret_24=1
f_ret_6=1
f_vol_24=1
f_vol_rel=1

parameters:
[boosting: gbdt]
[objective: binary]
[metric: binary_logloss]
[tree_learner: serial]
[device_type: cpu]
[data_sample_strategy: bagging]
[data: ]
[valid: ]
[num_iterations: 400]
[learning_rate: 0.05]
[num_leaves: 63]
[num_threads: -1]
[seed: 0]
[deterministic: 0]
[force_col_wise: 0]
[force_row_wise: 0]
[histogram_pool_size: -1]
[max_depth: -1]
[min_data_in_leaf: 200]
[min_sum_hessian_in_leaf: 0.001]
[bagging_fraction: 0.8]
[pos_bagging_fraction: 1]
[neg_bagging_fraction: 1]
[bagging_freq: 1]
[bagging_seed: 3]
[bagging_by_query: 0]
[feature_fraction: 0.8]
[feature_fraction_bynode: 1]
[feature_fraction_seed: 2]
[extra_trees: 0]
[extra_seed: 6]
[early_stopping_round: 0]
[early_stopping_min_delta: 0]
[first_metric_only: 0]
[max_delta_step: 0]
[lambda_l1: 0]
[lambda_l2: 0]
[linear_lambda: 0]
[min_gain_to_split: 0]
[drop_rate: 0.1]
[max_drop: 50]
[skip_drop: 0.5]
[xgboost_dart_mode: 0]
[uniform_drop: 0]
[drop_seed: 4]
[top_rate: 0.2]
[other_rate: 0.1]
[min_data_per_group: 100]
[max_cat_threshold: 32]
[cat_l2: 10]
[cat_smooth: 10]
[max_cat_to_onehot: 4]
[top_k: 20]
[monotone_constraints: ]
[monotone_constraints_method: basic]
[monotone_penalty: 0]
[feature_contri: ]
[forcedsplits_filename: ]
[refit_decay_rate: 0.9]
[cegb_tradeoff: 1]
[cegb_penalty_split: 0]
[cegb_penalty_feature_lazy: ]
[cegb_penalty_feature_coupled: ]
[path_smooth: 0]
[interaction_constraints: ]
[verbosity: -1]
[saved_feature_importance_type: 0]
[use_quantized_grad: 0]
[num_grad_quant_bins: 4]
[quant_train_renew_leaf: 0]
[stochastic_rounding: 1]
[linear_tree: 0]
[max_bin: 255]
[max_bin_by_feature: ]
[min_data_in_bin: 3]
[bin_construct_sample_cnt: 200000]
[data_random_seed: 1]
[is_enable_sparse: 1]
[enable_bundle: 1]
[use_missing: 1]
[zero_as_missing: 0]
[feature_pre_filter: 1]
[pre_partition: 0]
[two_round: 0]
[header: 0]
[label_column: ]
[weight_column: ]
[group_column: ]
[ignore_column: ]
[categorical_feature: ]
[forcedbins_filename: ]
[precise_float_parser: 0]
[parser_config_file: ]
[objective_seed: 5]
[num_class: 1]
[is_unbalance: 0]
[scale_pos_weight: 1]
[sigmoid: 1]
[boost_from_average: 1]
[reg_sqrt: 0]
[alpha: 0.9]
[fair_c: 1]
[poisson_max_delta_step: 0.7]
[tweedie_variance_power: 1.5]
[lambdarank_truncation_level: 30]
[lambdarank_norm: 1]
[label_gain: ]
[lambdarank_position_bias_regularization: 0]
[eval_at: ]
[multi_error_top_k: 1]
[auc_mu_weights: ]
[num_machines: 1]
[local_listen_port: 12400]
[time_out: 120]
[machine_list_filename: ]
[machines: ]
[gpu_platform_id: -1]
[gpu_device_id: -1]
[gpu_device_id_list: ]
[gpu_use_dp: 0]
[num_gpu: 1]

end of parameters

pandas_categorical:[]
